  1.00  0.00  0.00  0.00  0.00  0.00  0.00  0.00  0.00
  0.00  0.00  0.00  0.00  0.00  0.00  0.00  0.00  0.00
  0.00  0.00  0.00  0.00  0.00  0.00  0.00  0.00  0.00
  0.00  0.00  0.00  0.00  0.00  0.00  0.00  0.00  0.00
  0.00  0.00  0.00  0.00  0.00  0.00  0.00  0.00  0.00
  0.00  0.00  0.00  0.00  0.00  0.00  0.00  0.00  0.00
  0.00  0.00  0.00  0.00  0.00  0.00  0.00  0.00  0.00
  0.00  0.00  0.00  0.00  0.00  0.00  0.00  0.00  0.00
  0.00  0.00  0.00  0.00  0.00  0.00  0.00  0.00
  1.00  0.00  0.00  0.00  0.00  0.00  0.00  0.00  0.00
  0.00  0.00  0.00  0.00  0.00  0.00  0.00  0.00  0.00
  0.00  0.00  0.00  0.00  0.00  0.00  0.00  0.00  0.00
  0.00  0.00  0.00  0.00  0.00  0.00  0.00  0.00  0.00
  0.00  0.00  0.00  0.00  0.00  0.00  0.00  0.00  0.00
  0.00  0.00  0.00  0.00  0.00  0.00  0.00  0.00  0.00
  0.00  0.00  0.00  0.00  0.00  0.00  0.00  0.00  0.00
  0.00  0.00  0.00  0.00  0.00  0.00  0.00  0.00  0.00
  0.00  0.00  0.00  0.00  0.00  0.00  0.00  0.00
  1.00  0.00  0.00  0.00  0.00  0.00  0.00  0.00  0.00
  0.00  0.00  0.00  0.00  0.00  0.00  0.00  0.00  0.00
  0.00  0.00  0.00  0.00  0.00  0.00  0.00  0.00  0.00
  0.00  0.00  0.00  0.00  0.00  0.00  0.00  0.00  0.00
  0.00  0.00  0.00  0.00  0.00  0.00  0.00  0.00  0.00
  0.00  0.00  0.00  0.00  0.00  0.00  0.00  0.00  0.00
  0.00  0.00  0.00  0.00  0.00  0.00  0.00  0.00  0.00
  0.00  0.00  0.00  0.00  0.00  0.00  0.00  0.00  0.00
  0.00  0.00  0.00  0.00  0.00  0.00  0.00  0.00
  1.00  0.00  0.00  0.00  0.00  0.00  0.00  0.00  0.00
  0.00  0.00  0.00  0.00  0.00  0.00  0.00  0.00  0.00
  0.00  0.00  0.00  0.00  0.00  0.00  0.00  0.00  0.00
  0.00  0.00  0.00  0.00  0.00  0.00  0.00  0.00  0.00
  0.00  0.00  0.00  0.00  0.00  0.00  0.00  0.00  0.00
  0.00  0.00  0.00  0.00  0.00  0.00  0.00  0.00  0.00
  0.00  0.00  0.00  0.00  0.00  0.00  0.00  0.00  0.00
  0.00  0.00  0.00  0.00  0.00  0.00  0.00  0.00  0.00
  0.00  0.00  0.00  0.00  0.00  0.00  0.00  0.00
  1.00  0.00  0.00  0.00  0.00  0.00  0.00  0.00  0.00
  0.00  0.00  0.00  0.00  0.00  0.00  0.00  0.00  0.00
  0.00  0.00  0.00  0.00  0.00  0.00  0.00  0.00  0.00
  0.00  0.00  0.00  0.00  0.00  0.00  0.00  0.00  0.00
  0.00  0.00  0.00  0.00  0.00  0.00  0.00  0.00  0.00
  0.00  0.00  0.00  0.00  0.00  0.00  0.00  0.00  0.00
  0.00  0.00  0.00  0.00  0.00  0.00  0.00  0.00  0.00
  0.00  0.00  0.00  0.00  0.00  0.00  0.00  0.00  0.00
  0.00  0.00  0.00  0.00  0.00  0.00  0.00  0.00
  1.00  0.00  0.00  0.00  0.00  0.00  0.00  0.00  0.00
  0.00  0.00  0.00  0.00  0.00  0.00  0.00  0.00  0.00
  0.00  0.00  0.00  0.00  0.00  0.00  0.00  0.00  0.00
  0.00  0.00  0.00  0.00  0.00  0.00  0.00  0.00  0.00
  0.00  0.00  0.00  0.00  0.00  0.00  0.00  0.00  0.00
  0.00  0.00  0.00  0.00  0.00  0.00  0.00  0.00  0.00
  0.00  0.00  0.00  0.00  0.00  0.00  0.00  0.00  0.00
  0.00  0.00  0.00  0.00  0.00  0.00  0.00  0.00  0.00
  0.00  0.00  0.00  0.00  0.00  0.00  0.00  0.00
  1.00  1.00  0.77  0.00  0.00  0.00  0.00  0.00  0.00
  0.00  0.00  0.00  0.00  0.00  0.00  0.00  0.00  0.00
  0.00  0.00  0.00  0.00  0.00  0.00  0.00  0.00  0.00
  0.00  0.00  0.00  0.00  0.00  0.00  0.00  0.00  0.00
  0.00  0.00  0.00  0.00  0.00  0.00  0.00  0.00  0.00
  0.00  0.00  0.00  0.00  0.00  0.00  0.00  0.00  0.00
  0.00  0.00  0.00  0.00  0.00  0.00  0.00  0.00  0.00
  0.00  0.00  0.00  0.00  0.00  0.00  0.00  0.00  0.00
  0.00  0.00  0.00  0.00  0.00  0.00  0.00  0.00
  1.00  1.00  1.00  1.00  1.00  1.00  1.00  1.00  1.00
  1.00  1.00  0.00  0.00  0.00  0.00  0.00  0.00  0.00
  0.00  0.00  0.00  0.00  0.00  0.00  0.00  0.00  0.00
  0.00  0.00  0.00  0.00  0.00  0.00  0.00  0.00  0.00
  0.00  0.00  0.00  0.00  0.00  0.00  0.00  0.00  0.00
  0.00  0.00  0.00  0.00  0.00  0.00  0.00  0.00  0.00
  0.00  0.00  0.00  0.00  0.00  0.00  0.00  0.00  0.00
  0.00  0.00  0.00  0.00  0.00  0.00  0.00  0.00  0.00
  0.00  0.00  0.00  0.00  0.00  0.00  0.00  0.00
  1.00  1.00  1.00  1.00  1.00  1.00  1.00  1.00  1.00
  1.00  1.00  1.00  1.00  1.00  1.00  1.00  1.00  1.00
  0.00  0.00  0.00  0.00  0.00  0.00  0.00  0.00  0.00
  0.00  0.00  0.00  0.00  0.00  0.00  0.00  0.00  0.00
  0.00  0.00  0.00  0.00  0.00  0.00  0.00  0.00  0.00
  0.00  0.00  0.00  0.00  0.00  0.00  0.00  0.00  0.00
  0.00  0.00  0.00  0.00  0.00  0.00  0.00  0.00  0.00
  0.00  0.00  0.00  0.00  0.00  0.00  0.00  0.00  0.00
  0.00  0.00  0.00  0.00  0.00  0.00  0.00  0.00
  1.00  1.00  1.00  1.00  1.00  1.00  1.00  1.00  1.00
  1.00  1.00  1.00  1.00  1.00  1.00  1.00  1.00  1.00
  1.00  1.00  1.00  1.00  1.00  1.00  0.00  0.00  0.00
  0.00  0.00  0.00  0.00  0.00  0.00  0.00  0.00  0.00
  0.00  0.00  0.00  0.00  0.00  0.00  0.00  0.00  0.00
  0.00  0.00  0.00  0.00  0.00  0.00  0.00  0.00  0.00
  0.00  0.00  0.00  0.00  0.00  0.00  0.00  0.00  0.00
  0.00  0.00  0.00  0.00  0.00  0.00  0.00  0.00  0.00
  0.00  0.00  0.00  0.00  0.00  0.00  0.00  0.00
  1.00  1.00  1.00  1.00  1.00  1.00  1.00  1.00  1.00
  1.00  1.00  1.00  1.00  1.00  1.00  1.00  1.00  1.00
  1.00  1.00  1.00  1.00  1.00  1.00  1.00  1.00  1.00
  1.00  1.00  1.00  1.00  0.00  0.00  0.00  0.00  0.00
  0.00  0.00  0.00  0.00  0.00  0.00  0.00  0.00  0.00
  0.00  0.00  0.00  0.00  0.00  0.00  0.00  0.00  0.00
  0.00  0.00  0.00  0.00  0.00  0.00  0.00  0.00  0.00
  0.00  0.00  0.00  0.00  0.00  0.00  0.00  0.00  0.00
  0.00  0.00  0.00  0.00  0.00  0.00  0.00  0.00
  1.00  1.00  1.00  1.00  1.00  1.00  1.00  1.00  1.00
  1.00  1.00  1.00  1.00  1.00  1.00  1.00  1.00  1.00
  1.00  1.00  1.00  1.00  1.00  1.00  1.00  1.00  1.00
  1.00  1.00  1.00  1.00  1.00  1.00  1.00  1.00  1.00
  1.00  1.00  1.00  0.00  0.00  0.00  0.00  0.00  0.00
  0.00  0.00  0.00  0.00  0.00  0.00  0.00  0.00  0.00
  0.00  0.00  0.00  0.00  0.00  0.00  0.00  0.00  0.00
  0.00  0.00  0.00  0.00  0.00  0.00  0.00  0.00  0.00
  0.00  0.00  0.00  0.00  0.00  0.00  0.00  0.00
  1.00  1.00  1.00  1.00  1.00  1.00  1.00  1.00  1.00
  1.00  1.00  1.00  1.00  1.00  1.00  1.00  1.00  1.00
  1.00  1.00  1.00  1.00  1.00  1.00  1.00  1.00  1.00
  1.00  1.00  1.00  1.00  1.00  1.00  1.00  1.00  1.00
  1.00  1.00  1.00  1.00  1.00  1.00  1.00  1.00  1.00
  1.00  1.00  1.00  1.00  0.00  0.00  0.00  0.00  0.00
  0.00  0.00  0.00  0.00  0.00  0.00  0.00  0.00  0.00
  0.00  0.00  0.00  0.00  0.00  0.00  0.00  0.00  0.00
  0.00  0.00  0.00  0.00  0.00  0.00  0.00  0.00
  1.00  1.00  1.00  1.00  1.00  1.00  1.00  1.00  1.00
  1.00  1.00  1.00  1.00  1.00  1.00  1.00  1.00  1.00
  1.00  1.00  1.00  1.00  1.00  1.00  1.00  1.00  1.00
  1.00  1.00  1.00  1.00  1.00  1.00  1.00  1.00  1.00
  1.00  1.00  1.00  1.00  1.00  1.00  1.00  1.00  1.00
  1.00  1.00  1.00  1.00  1.00  1.00  1.00  1.00  1.00
  1.00  1.00  1.00  1.00  1.00  0.00  0.00  0.00  0.00
  0.00  0.00  0.00  0.00  0.00  0.00  0.00  0.00  0.00
  0.00  0.00  0.00  0.00  0.00  0.00  0.00  0.00
  1.00  1.00  1.00  1.00  1.00  1.00  1.00  1.00  1.00
  1.00  1.00  1.00  1.00  1.00  1.00  1.00  1.00  1.00
  1.00  1.00  1.00  1.00  1.00  1.00  1.00  1.00  1.00
  1.00  1.00  1.00  1.00  1.00  1.00  1.00  1.00  1.00
  1.00  1.00  1.00  1.00  1.00  1.00  1.00  1.00  1.00
  1.00  1.00  1.00  1.00  1.00  1.00  1.00  1.00  1.00
  1.00  1.00  1.00  1.00  1.00  1.00  1.00  1.00  1.00
  1.00  1.00  1.00  1.00  1.00  1.00  0.00  0.00  0.00
  0.00  0.00  0.00  0.00  0.46  0.99  1.00  0.18
  1.00  1.00  1.00  1.00  1.00  1.00  1.00  1.00  1.00
  1.00  1.00  1.00  1.00  1.00  1.00  1.00  1.00  1.00
  1.00  1.00  1.00  1.00  1.00  1.00  1.00  1.00  1.00
  1.00  1.00  1.00  1.00  1.00  1.00  1.00  1.00  1.00
  1.00  1.00  1.00  1.00  1.00  1.00  1.00  1.00  1.00
  1.00  1.00  1.00  1.00  1.00  1.00  1.00  1.00  1.00
  1.00  1.00  1.00  1.00  1.00  1.00  1.00  1.00  1.00
  1.00  1.00  1.00  1.00  1.00  1.00  1.00  1.00  1.00
  1.00  1.00  1.00  1.00  1.00  1.00  0.00  1.00
  1.00  1.00  1.00  1.00  1.00  1.00  1.00  1.00  1.00
  1.00  1.00  1.00  1.00  1.00  1.00  1.00  1.00  1.00
  1.00  1.00  1.00  1.00  1.00  1.00  1.00  1.00  1.00
  1.00  1.00  1.00  1.00  1.00  1.00  1.00  1.00  1.00
  1.00  1.00  1.00  1.00  1.00  1.00  1.00  1.00  1.00
  1.00  1.00  1.00  1.00  1.00  1.00  1.00  1.00  1.00
  1.00  1.00  1.00  1.00  1.00  1.00  1.00  1.00  1.00
  1.00  1.00  1.00  1.00  1.00  1.00  1.00  1.00  1.00
  1.00  1.00  1.00  1.00  1.00  1.00  0.00  1.00
  1.00  1.00  1.00  1.00  1.00  1.00  1.00  1.00  1.00
  1.00  1.00  1.00  1.00  1.00  1.00  1.00  1.00  1.00
  1.00  1.00  1.00  1.00  1.00  1.00  1.00  1.00  1.00
  1.00  1.00  1.00  1.00  1.00  1.00  1.00  1.00  1.00
  1.00  1.00  1.00  1.00  1.00  1.00  1.00  1.00  1.00
  1.00  1.00  1.00  1.00  1.00  1.00  1.00  1.00  1.00
  1.00  1.00  1.00  1.00  1.00  1.00  1.00  1.00  1.00
  1.00  1.00  1.00  1.00  1.00  1.00  0.00  0.00  0.00
  0.00  0.00  0.00  0.00  0.46  0.99  1.00  0.18
  1.00  1.00  1.00  1.00  1.00  1.00  1.00  1.00  1.00
  1.00  1.00  1.00  1.00  1.00  1.00  1.00  1.00  1.00
  1.00  1.00  1.00  1.00  1.00  1.00  1.00  1.00  1.00
  1.00  1.00  1.00  1.00  1.00  1.00  1.00  1.00  1.00
  1.00  1.00  1.00  1.00  1.00  1.00  1.00  1.00  1.00
  1.00  1.00  1.00  1.00  1.00  1.00  1.00  1.00  1.00
  1.00  1.00  1.00  1.00  1.00  0.00  0.00  0.00  0.00
  0.00  0.00  0.00  0.00  0.00  0.00  0.00  0.00  0.00
  0.00  0.00  0.00  0.00  0.00  0.00  0.00  0.00
  1.00  1.00  1.00  1.00  1.00  1.00  1.00  1.00  1.00
  1.00  1.00  1.00  1.00  1.00  1.00  1.00  1.00  1.00
  1.00  1.00  1.00  1.00  1.00  1.00  1.00  1.00  1.00
  1.00  1.00  1.00  1.00  1.00  1.00  1.00  1.00  1.00
  1.00  1.00  1.00  1.00  1.00  1.00  1.00  1.00  1.00
  1.00  1.00  1.00  1.00  0.00  0.00  0.00  0.00  0.00
  0.00  0.00  0.00  0.00  0.00  0.00  0.00  0.00  0.00
  0.00  0.00  0.00  0.00  0.00  0.00  0.00  0.00  0.00
  0.00  0.00  0.00  0.00  0.00  0.00  0.00  0.00
  1.00  1.00  1.00  1.00  1.00  1.00  1.00  1.00  1.00
  1.00  1.00  1.00  1.00  1.00  1.00  1.00  1.00  1.00
  1.00  1.00  1.00  1.00  1.00  1.00  1.00  1.00  1.00
  1.00  1.00  1.00  1.00  1.00  1.00  1.00  1.00  1.00
  1.00  1.00  1.00  0.00  0.00  0.00  0.00  0.00  0.00
  0.00  0.00  0.00  0.00  0.00  0.00  0.00  0.00  0.00
  0.00  0.00  0.00  0.00  0.00  0.00  0.00  0.00  0.00
  0.00  0.00  0.00  0.00  0.00  0.00  0.00  0.00  0.00
  0.00  0.00  0.00  0.00  0.00  0.00  0.00  0.00
  1.00  1.00  1.00  1.00  1.00  1.00  1.00  1.00  1.00
  1.00  1.00  1.00  1.00  1.00  1.00  1.00  1.00  1.00
  1.00  1.00  1.00  1.00  1.00  1.00  1.00  1.00  1.00
  1.00  1.00  1.00  1.00  0.00  0.00  0.00  0.00  0.00
  0.00  0.00  0.00  0.00  0.00  0.00  0.00  0.00  0.00
  0.00  0.00  0.00  0.00  0.00  0.00  0.00  0.00  0.00
  0.00  0.00  0.00  0.00  0.00  0.00  0.00  0.00  0.00
  0.00  0.00  0.00  0.00  0.00  0.00  0.00  0.00  0.00
  0.00  0.00  0.00  0.00  0.00  0.00  0.00  0.00
  1.00  1.00  1.00  1.00  1.00  1.00  1.00  1.00  1.00
  1.00  1.00  1.00  1.00  1.00  1.00  1.00  1.00  1.00
  1.00  1.00  1.00  1.00  1.00  1.00  0.00  0.00  0.00
  0.00  0.00  0.00  0.00  0.00  0.00  0.00  0.00  0.00
  0.00  0.00  0.00  0.00  0.00  0.00  0.00  0.00  0.00
  0.00  0.00  0.00  0.00  0.00  0.00  0.00  0.00  0.00
  0.00  0.00  0.00  0.00  0.00  0.00  0.00  0.00  0.00
  0.00  0.00  0.00  0.00  0.00  0.00  0.00  0.00  0.00
  0.00  0.00  0.00  0.00  0.00  0.00  0.00  0.00
  1.00  1.00  1.00  1.00  1.00  1.00  1.00  1.00  1.00
  1.00  1.00  1.00  1.00  1.00  1.00  1.00  1.00  1.00
  0.00  0.00  0.00  0.00  0.00  0.00  0.00  0.00  0.00
  0.00  0.00  0.00  0.00  0.00  0.00  0.00  0.00  0.00
  0.00  0.00  0.00  0.00  0.00  0.00  0.00  0.00  0.00
  0.00  0.00  0.00  0.00  0.00  0.00  0.00  0.00  0.00
  0.00  0.00  0.00  0.00  0.00  0.00  0.00  0.00  0.00
  0.00  0.00  0.00  0.00  0.00  0.00  0.00  0.00  0.00
  0.00  0.00  0.00  0.00  0.00  0.00  0.00  0.00
  1.00  1.00  1.00  1.00  1.00  1.00  1.00  1.00  1.00
  1.00  1.00  0.00  0.00  0.00  0.00  0.00  0.00  0.00
  0.00  0.00  0.00  0.00  0.00  0.00  0.00  0.00  0.00
  0.00  0.00  0.00  0.00  0.00  0.00  0.00  0.00  0.00
  0.00  0.00  0.00  0.00  0.00  0.00  0.00  0.00  0.00
  0.00  0.00  0.00  0.00  0.00  0.00  0.00  0.00  0.00
  0.00  0.00  0.00  0.00  0.00  0.00  0.00  0.00  0.00
  0.00  0.00  0.00  0.00  0.00  0.00  0.00  0.00  0.00
  0.00  0.00  0.00  0.00  0.00  0.00  0.00  0.00
  1.00  1.00  0.77  0.00  0.00  0.00  0.00  0.00  0.00
  0.00  0.00  0.00  0.00  0.00  0.00  0.00  0.00  0.00
  0.00  0.00  0.00  0.00  0.00  0.00  0.00  0.00  0.00
  0.00  0.00  0.00  0.00  0.00  0.00  0.00  0.00  0.00
  0.00  0.00  0.00  0.00  0.00  0.00  0.00  0.00  0.00
  0.00  0.00  0.00  0.00  0.00  0.00  0.00  0.00  0.00
  0.00  0.00  0.00  0.00  0.00  0.00  0.00  0.00  0.00
  0.00  0.00  0.00  0.00  0.00  0.00  0.00  0.00  0.00
  0.00  0.00  0.00  0.00  0.00  0.00  0.00  0.00
  1.00  0.00  0.00  0.00  0.00  0.00  0.00  0.00  0.00
  0.00  0.00  0.00  0.00  0.00  0.00  0.00  0.00  0.00
  0.00  0.00  0.00  0.00  0.00  0.00  0.00  0.00  0.00
  0.00  0.00  0.00  0.00  0.00  0.00  0.00  0.00  0.00
  0.00  0.00  0.00  0.00  0.00  0.00  0.00  0.00  0.00
  0.00  0.00  0.00  0.00  0.00  0.00  0.00  0.00  0.00
  0.00  0.00  0.00  0.00  0.00  0.00  0.00  0.00  0.00
  0.00  0.00  0.00  0.00  0.00  0.00  0.00  0.00  0.00
  0.00  0.00  0.00  0.00  0.00  0.00  0.00  0.00
  1.00  0.00  0.00  0.00  0.00  0.00  0.00  0.00  0.00
  0.00  0.00  0.00  0.00  0.00  0.00  0.00  0.00  0.00
  0.00  0.00  0.00  0.00  0.00  0.00  0.00  0.00  0.00
  0.00  0.00  0.00  0.00  0.00  0.00  0.00  0.00  0.00
  0.00  0.00  0.00  0.00  0.00  0.00  0.00  0.00  0.00
  0.00  0.00  0.00  0.00  0.00  0.00  0.00  0.00  0.00
  0.00  0.00  0.00  0.00  0.00  0.00  0.00  0.00  0.00
  0.00  0.00  0.00  0.00  0.00  0.00  0.00  0.00  0.00
  0.00  0.00  0.00  0.00  0.00  0.00  0.00  0.00
  1.00  0.00  0.00  0.00  0.00  0.00  0.00  0.00  0.00
  0.00  0.00  0.00  0.00  0.00  0.00  0.00  0.00  0.00
  0.00  0.00  0.00  0.00  0.00  0.00  0.00  0.00  0.00
  0.00  0.00  0.00  0.00  0.00  0.00  0.00  0.00  0.00
  0.00  0.00  0.00  0.00  0.00  0.00  0.00  0.00  0.00
  0.00  0.00  0.00  0.00  0.00  0.00  0.00  0.00  0.00
  0.00  0.00  0.00  0.00  0.00  0.00  0.00  0.00  0.00
  0.00  0.00  0.00  0.00  0.00  0.00  0.00  0.00  0.00
  0.00  0.00  0.00  0.00  0.00  0.00  0.00  0.00
  1.00  0.00  0.00  0.00  0.00  0.00  0.00  0.00  0.00
  0.00  0.00  0.00  0.00  0.00  0.00  0.00  0.00  0.00
  0.00  0.00  0.00  0.00  0.00  0.00  0.00  0.00  0.00
  0.00  0.00  0.00  0.00  0.00  0.00  0.00  0.00  0.00
  0.00  0.00  0.00  0.00  0.00  0.00  0.00  0.00  0.00
  0.00  0.00  0.00  0.00  0.00  0.00  0.00  0.00  0.00
  0.00  0.00  0.00  0.00  0.00  0.00  0.00  0.00  0.00
  0.00  0.00  0.00  0.00  0.00  0.00  0.00  0.00  0.00
  0.00  0.00  0.00  0.00  0.00  0.00  0.00  0.00
  1.00  0.00  0.00  0.00  0.00  0.00  0.00  0.00  0.00
  0.00  0.00  0.00  0.00  0.00  0.00  0.00  0.00  0.00
  0.00  0.00  0.00  0.00  0.00  0.00  0.00  0.00  0.00
  0.00  0.00  0.00  0.00  0.00  0.00  0.00  0.00  0.00
  0.00  0.00  0.00  0.00  0.00  0.00  0.00  0.00  0.00
  0.00  0.00  0.00  0.00  0.00  0.00  0.00  0.00  0.00
  0.00  0.00  0.00  0.00  0.00  0.00  0.00  0.00  0.00
  0.00  0.00  0.00  0.00  0.00  0.00  0.00  0.00  0.00
  0.00  0.00  0.00  0.00  0.00  0.00  0.00  0.00
  1.00  0.00  0.00  0.00  0.00  0.00  0.00  0.00  0.00
  0.00  0.00  0.00  0.00  0.00  0.00  0.00  0.00  0.00
  0.00  0.00  0.00  0.00  0.00  0.00  0.00  0.00  0.00
  0.00  0.00  0.00  0.00  0.00  0.00  0.00  0.00  0.00
  0.00  0.00  0.00  0.00  0.00  0.00  0.00  0.00  0.00
  0.00  0.00  0.00  0.00  0.00  0.00  0.00  0.00  0.00
  0.00  0.00  0.00  0.00  0.00  0.00  0.00  0.00  0.00
  0.00  0.00  0.00  0.00  0.00  0.00  0.00  0.00  0.00
  0.00  0.00  0.00  0.00  0.00  0.00  0.00  0.00
